X=1807.749511
Y=-1871.974731
Z=13.581562
Angle=185.253341
