X=342.785064
Y=135.886398
Z=1007.965698
Angle=345.888977
ObjectID=12
