X=1928.581054
Y=-1779.340576
Z=13.546875
Angle=90.969551
