X=1834.709472
Y=-1694.493652
Z=11.922137
Angle=180.281173
