X=1285.307373
Y=-1645.724365
Z=14.013571
Angle=358.502227
ObjectID=8
