X=1937.878417
Y=-1773.438842
Z=13.382812
