X=1945.166748
Y=-1773.925415
Z=13.390598
