X=1808.653442
Y=-1872.158081
Z=13.582224
Angle=180.366912
