X=1938.053466
Y=-1772.106933
Z=13.382812
