X=1944.132934
Y=-1772.194580
Z=13.390598
