X=2067.940673
Y=-1873.045043
Z=13.120004
